seed,maximum observed yield
670487,2.675062079
116739,2.140049664
26225,2.140049664
777572,2.140049664
288389,1.78337472
256787,1.78337472
234053,2.675062079
146316,2.140049664
772246,2.140049664
107473,2.140049664
709570,2.140049664
776646,2.140049664
935518,1.78337472
571858,2.140049664
91161,1.78337472
619176,1.78337472
442417,2.140049664
33326,2.140049664
31244,2.140049664
98246,1.78337472
229258,2.140049664
243962,2.675062079
529903,1.78337472
631262,2.140049664
27824,2.140049664
588508,2.140049664
208496,1.78337472
750800,1.78337472
681453,2.140049664
735392,2.140049664
571412,2.675062079
439898,1.78337472
231148,1.78337472
471029,1.78337472
617889,2.140049664
291704,2.140049664
848749,1.78337472
911527,2.675062079
6814,2.675062079
795667,2.140049664
844962,2.140049664
167414,2.140049664
732052,1.78337472
443143,1.78337472
356778,2.140049664
291369,1.528606903
163032,1.78337472
225772,2.140049664
800581,1.528606903
352944,2.140049664
