seed,maximum observed yield
670487,2.140049664
116739,2.140049664
26225,1.78337472
777572,2.140049664
288389,2.140049664
256787,2.675062079
234053,2.140049664
146316,2.140049664
772246,2.675062079
107473,2.140049664
709570,1.78337472
776646,2.140049664
935518,2.140049664
571858,2.140049664
91161,2.675062079
619176,2.675062079
442417,2.140049664
33326,2.675062079
31244,2.140049664
98246,2.140049664
229258,2.675062079
243962,2.675062079
529903,2.140049664
631262,1.78337472
27824,2.675062079
588508,2.140049664
208496,1.78337472
750800,2.140049664
681453,2.140049664
735392,2.140049664
571412,2.140049664
439898,2.140049664
231148,2.140049664
471029,2.675062079
617889,2.675062079
291704,2.675062079
848749,2.675062079
911527,2.675062079
6814,2.675062079
795667,2.140049664
844962,2.675062079
167414,2.140049664
732052,2.675062079
443143,2.140049664
356778,2.675062079
291369,2.140049664
163032,2.675062079
225772,2.675062079
800581,1.78337472
352944,1.78337472
