seed,maximum observed yield
670487,2.140049664
116739,2.675062079
26225,2.675062079
777572,2.675062079
288389,2.140049664
256787,2.140049664
234053,2.140049664
146316,2.675062079
772246,2.675062079
107473,2.675062079
709570,2.140049664
776646,2.140049664
935518,2.675062079
571858,2.140049664
91161,2.140049664
619176,2.140049664
442417,2.140049664
33326,2.140049664
31244,2.140049664
98246,2.675062079
229258,2.140049664
243962,2.140049664
529903,2.140049664
631262,2.675062079
27824,2.675062079
588508,2.140049664
208496,2.140049664
750800,2.140049664
681453,2.140049664
735392,2.675062079
571412,2.675062079
439898,2.140049664
231148,2.140049664
471029,2.140049664
617889,2.140049664
291704,2.140049664
848749,2.140049664
911527,1.78337472
6814,2.675062079
795667,2.675062079
844962,2.140049664
167414,2.140049664
732052,2.675062079
443143,2.140049664
356778,2.140049664
291369,2.140049664
163032,2.140049664
225772,1.78337472
800581,2.140049664
352944,2.140049664
